City,Country,Date,Lat,Lng,Cloudiness (%),Humidity (%),Max Temp (F),Wind Speed (mph)
Bredasdorp,ZA,1627944356,-34.5322,20.0403,19,93,56.28,4.61
Ostrovnoy,RU,1627944413,68.0531,39.5131,77,97,51.1,5.14
Hermanus,ZA,1627944413,-34.4187,19.2345,2,87,57.9,9.08
Yangi Marg`ilon,UZ,1627944414,40.4272,71.7189,98,60,72.82,6.91
Rikitea,PF,1627944272,-23.1203,-134.9692,79,54,69.08,20.42
Provideniya,RU,1627944414,64.3833,-173.3,90,82,51.91,15.66
Namatanai,PG,1627944414,-3.6667,152.4333,31,74,82.74,5.77
Sucúa,EC,1627944415,-2.4667,-78.1667,75,94,68.74,2.3
Husavik,IS,1627944415,66.0449,-17.3389,80,90,53.51,2.86
Hala,PK,1627944415,25.8131,68.4227,51,70,84.18,21.36
Invermere,CA,1627944416,50.5167,-116.0354,100,80,72.59,1.45
Kudahuvadhoo,MV,1627944416,2.6708,72.8944,99,72,81.61,5.75
Cape Town,ZA,1627944149,-33.9258,18.4232,0,94,58.12,4.61
Bauchi,NG,1627944417,10.5,10.0,78,92,70.54,4.25
Hithadhoo,MV,1627944122,-0.6,73.0833,100,69,81.59,4.88
Mahébourg,MU,1627944417,-20.4081,57.7,20,88,59.29,6.91
Albany,US,1627944357,42.6001,-73.9662,10,55,75.15,1.99
Ponta do Sol,PT,1627944417,32.6667,-17.1,9,77,72.23,7.2
Inhuma,BR,1627944418,-6.6683,-41.7078,3,36,74.75,5.88
Angoche,MZ,1627944418,-16.2325,39.9086,0,68,69.53,10.36
Thompson,CA,1627944418,55.7435,-97.8558,40,41,78.96,6.91
Punta Arenas,CL,1627944416,-53.15,-70.9167,40,87,39.31,28.77
Butaritari,KI,1627944419,3.0707,172.7902,48,71,82.85,5.12
Mataura,NZ,1627944419,-46.1927,168.8643,100,91,48.47,2.71
Tautira,PF,1627944419,-17.7333,-149.15,99,73,82.42,14.03
Jiuquan,CN,1627944420,39.7432,98.5174,35,23,66.29,6.2
Murgab,TM,1627944420,37.4966,61.9714,0,24,80.47,9.22
Comodoro Rivadavia,AR,1627944420,-45.8667,-67.5,0,36,60.66,13.8
Mount Gambier,AU,1627944421,-37.8333,140.7667,40,100,42.71,8.05
Bethel,US,1627944421,41.3712,-73.414,1,58,79.16,5.75
St. George's,GD,1627944421,12.0564,-61.7485,20,74,83.88,11.5
Kapaa,US,1627944422,22.0752,-159.319,1,81,86.32,4.0
Kamen'-na-Obi,RU,1627944422,53.7884,81.3423,81,92,61.75,4.99
Upernavik,GL,1627944422,72.7868,-56.1549,40,66,47.16,1.5
Pevek,RU,1627944423,69.7008,170.3133,90,81,35.44,19.22
Atuona,PF,1627944422,-9.8,-139.0333,18,76,77.67,19.69
Urcos,PE,1627944423,-13.6861,-71.6228,12,67,58.89,6.35
Natchitoches,US,1627944423,31.7668,-93.1335,1,94,79.65,0.0
Makokou,GA,1627944424,0.5738,12.8642,96,96,69.13,2.57
Jamestown,US,1627944186,42.097,-79.2353,75,52,72.72,1.99
Ribeira Grande,PT,1627944424,38.5167,-28.7,54,92,73.33,7.16
Deniliquin,AU,1627944424,-35.5333,144.9667,24,90,46.0,10.8
Busselton,AU,1627944425,-33.65,115.3333,100,75,54.19,7.36
Ushuaia,AR,1627944305,-54.8,-68.3,75,70,40.66,23.02
Esim,GH,1627944425,4.8699,-2.2405,60,86,76.75,6.49
Port Elizabeth,ZA,1627944425,-33.918,25.5701,75,82,57.49,11.5
Cabo San Lucas,MX,1627944426,22.8909,-109.9124,45,66,98.82,12.26
Bengkulu,ID,1627944426,-3.8004,102.2655,55,88,74.88,3.42
Arrondissement de Vierzon,FR,1627944426,47.2101,2.0625,92,87,63.19,6.4
Sampit,ID,1627944427,-2.5333,112.95,100,98,75.04,1.21
Lorengau,PG,1627944427,-2.0226,147.2712,22,80,82.51,9.37
Tazmalt,DZ,1627944427,36.3868,4.3989,81,74,74.16,4.88
Geraldton,AU,1627944428,-28.7667,114.6,2,87,45.01,9.22
Chui,UY,1627944428,-33.6971,-53.4616,16,95,49.21,6.11
Sayyan,YE,1627944428,15.1718,44.3244,100,76,59.54,4.76
Corbélia,BR,1627944429,-24.7989,-53.3067,0,59,60.15,6.6
Atar,MR,1627944429,20.5169,-13.0499,36,38,91.76,10.45
Kruisfontein,ZA,1627944429,-34.0033,24.7314,0,93,46.89,5.91
Fortuna,US,1627944430,40.5982,-124.1573,40,71,69.93,3.0
Cidreira,BR,1627944430,-30.1811,-50.2056,0,85,53.15,6.2
Carnarvon,AU,1627944430,-24.8667,113.6333,0,47,44.67,11.5
Esperance,AU,1627944425,-33.8667,121.9,98,80,44.44,13.15
Bluff,NZ,1627944431,-46.6,168.3333,79,65,48.79,8.88
Marsh Harbour,BS,1627944430,26.5412,-77.0636,100,73,83.82,9.46
Mnogovershinnyy,RU,1627944431,53.9353,139.9242,100,97,50.63,5.79
Yulara,AU,1627944431,-25.2406,130.9889,0,75,35.44,8.05
Carutapera,BR,1627944432,-1.195,-46.02,74,84,75.97,5.7
Tuktoyaktuk,CA,1627944432,69.4541,-133.0374,90,87,50.0,9.22
Mendi,PG,1627944432,-6.1761,143.6513,98,97,57.07,2.21
Vaini,TO,1627944433,-21.2,-175.2,75,73,73.56,14.97
Lake Cowichan,CA,1627944317,48.825,-124.0546,1,24,84.33,1.39
Lata,PT,1627944433,40.1629,-8.3327,25,95,64.04,1.52
Castro,BR,1627944432,-24.7911,-50.0119,0,81,50.85,1.77
Adrar,MR,1627944434,20.5022,-10.0711,5,30,95.56,10.04
Dicabisagan,PH,1627944434,17.0818,122.4157,100,73,82.44,1.61
Yantongshan,CN,1627944434,43.2919,126.0094,89,92,68.43,5.91
Khani,GE,1627944435,41.9563,42.9566,16,76,67.57,4.88
Hagi,JP,1627944435,34.4,131.4167,97,76,82.0,8.84
Torbay,CA,1627944435,47.6666,-52.7314,100,75,65.48,7.0
Chokurdakh,RU,1627944436,70.6333,147.9167,62,47,50.05,9.42
Zeya,RU,1627944436,53.75,127.2667,99,76,64.92,2.37
Jumla,NP,1627944436,29.2747,82.1838,96,97,63.54,2.13
Bilma,NE,1627944437,18.6853,12.9164,12,14,94.64,11.36
Sabang,ID,1627944437,5.8933,95.3214,98,76,82.53,21.63
Lebu,CL,1627944437,-37.6167,-73.65,17,78,52.45,20.4
Rome,US,1627944438,43.2128,-75.4557,20,54,72.43,16.11
San Rafael,AR,1627944219,-34.6177,-68.3301,0,27,59.22,11.12
Langenburg,DE,1627944438,49.2544,9.8458,20,97,56.32,4.61
Hasaki,JP,1627944438,35.7333,140.8333,94,84,84.29,11.65
Kangaatsiaq,GL,1627944439,68.3065,-53.4641,28,92,42.46,15.75
Gladstone,AU,1627944439,-23.85,151.25,75,83,68.79,3.44
Ola,RU,1627944439,59.5833,151.2833,0,48,54.21,15.5
Mossamedes,AO,1627944440,-15.1961,12.1522,84,83,68.52,2.73
Boksitogorsk,RU,1627944440,59.474,33.8485,89,97,65.61,11.01
Samarai,PG,1627944414,-10.6167,150.6667,75,78,79.54,14.67
Murud,IN,1627944440,18.3258,72.965,100,85,78.96,16.78
Malabo,GQ,1627944441,3.75,8.7833,40,89,78.66,6.91
Ruteng,ID,1627944441,-8.6136,120.4721,66,93,61.68,2.73
Saint George,US,1627944155,37.1041,-113.5841,20,18,104.38,4.0
Ormara,PK,1627944441,25.2088,64.6357,99,85,80.73,13.6
Nikolskoye,RU,1627944431,59.7035,30.7861,100,98,62.78,13.62
Srednekolymsk,RU,1627944442,67.45,153.6833,70,50,49.62,11.32
Lamar,US,1627944156,33.6668,-95.5836,90,75,83.52,6.91
New Norfolk,AU,1627944442,-42.7826,147.0587,100,80,44.91,1.7
Yellowknife,CA,1627944317,62.456,-114.3525,75,23,90.28,13.8
Puerto Ayora,EC,1627944442,-0.7393,-90.3518,69,84,76.96,9.6
Yumen,CN,1627944443,40.2833,97.2,54,21,65.14,0.43
Souillac,MU,1627944443,-20.5167,57.5167,20,88,59.38,6.91
Wanning,CN,1627944443,18.8003,110.3967,90,85,80.78,9.28
Rosarito,MX,1627944444,32.3333,-117.0333,49,48,102.94,13.53
Lüderitz,NA,1627944444,-26.6481,15.1594,0,37,66.61,2.64
Hong Kong,HK,1627944444,22.2855,114.1577,100,92,84.33,1.01
Faanui,PF,1627944445,-16.4833,-151.75,65,76,79.03,15.39
Saldanha,ZA,1627944445,-33.0117,17.9442,0,70,53.65,3.69
Leh,IN,1627944445,34.1667,77.5833,19,49,61.77,5.44
Vilcún,CL,1627944445,-38.65,-72.2333,24,94,54.34,3.22
Oktyabr'skoye,RU,1627944446,43.0645,44.7417,74,93,62.74,6.71
Artigas,UY,1627944446,-30.4,-56.4667,0,68,49.57,4.29
Tiksi,RU,1627944446,71.6872,128.8694,60,61,50.65,4.54
Qaanaaq,GL,1627944447,77.484,-69.3632,100,66,45.37,2.37
Khatanga,RU,1627944447,71.9667,102.5,80,58,67.64,10.67
Merauke,ID,1627944447,-8.4667,140.3333,52,75,76.06,11.92
Te Anau,NZ,1627944448,-45.4167,167.7167,45,87,42.57,1.66
Saint-Augustin,CA,1627944448,51.226,-58.6502,97,81,61.21,13.65
Kieta,PG,1627944448,-6.2167,155.6333,50,77,82.49,3.71
Saint Paul Harbor,US,1627944449,57.79,-152.4072,90,77,56.71,6.91
Mahajanga,MG,1627944449,-15.7167,46.3167,20,83,71.62,3.44
Westport,US,1627944449,41.1415,-73.3579,1,52,81.91,1.01
Alofi,NU,1627944414,-19.0595,-169.9187,20,73,76.89,10.36
Cape Canaveral,US,1627944450,28.4058,-80.6048,20,91,81.25,0.0
Mar del Plata,AR,1627944450,-38.0023,-57.5575,0,50,53.13,8.99
Agüimes,ES,1627944451,27.9054,-15.4461,20,78,69.66,21.85
Severo-Kuril'sk,RU,1627944451,50.6789,156.125,98,73,52.09,19.42
Port Hardy,CA,1627944451,50.6996,-127.4199,40,63,64.58,12.66
Sitka,US,1627944423,57.0531,-135.33,90,72,62.49,14.97
Tongliao,CN,1627944452,43.6125,122.2653,100,80,66.47,5.28
Ilulissat,GL,1627944452,69.2167,-51.1,75,47,57.22,5.75
Cherskiy,RU,1627944232,68.75,161.3,74,52,44.69,16.51
Santa Barbara,US,1627944419,34.7333,-120.0343,1,37,89.35,13.8
Coroico,BO,1627944453,-16.1889,-67.7271,99,89,57.22,1.63
Tasiilaq,GL,1627944453,65.6145,-37.6368,100,82,46.56,2.53
Port Alfred,ZA,1627944231,-33.5906,26.891,28,83,57.33,19.48
Balud,PH,1627944453,10.1476,123.6953,100,74,82.36,9.89
Hamilton,US,1627944305,39.1834,-84.5333,40,53,78.24,1.99
Praia da Vitória,PT,1627944401,38.7333,-27.0667,75,88,75.76,5.28
Lamu,KE,1627944454,-2.2717,40.902,43,80,75.42,15.79
Valera,VE,1627944454,9.3178,-70.6036,93,84,75.61,3.2
Mabaruma,GY,1627944455,8.2,-59.7833,66,95,73.9,2.64
Evanston,US,1627944223,42.0411,-87.6901,75,52,76.8,5.01
Hilo,US,1627944349,19.7297,-155.09,90,78,77.4,9.22
Kaitangata,NZ,1627944455,-46.2817,169.8464,100,65,48.92,10.65
Gävle,SE,1627944455,60.6745,17.1417,72,88,46.83,7.52
Baruun-Urt,MN,1627944456,46.6806,113.2792,96,48,67.08,5.7
Qasigiannguit,GL,1627944456,68.8193,-51.1922,95,78,57.45,7.2
Avarua,CK,1627944456,-21.2078,-159.775,90,74,80.65,12.66
Arraial do Cabo,BR,1627944370,-22.9661,-42.0278,0,77,73.36,10.36
Muli,MV,1627944457,2.9167,73.5667,100,70,81.95,5.7
Birjand,IR,1627944457,32.8663,59.2211,0,19,68.47,6.91
Quatre Cocos,MU,1627944455,-20.2078,57.7625,1,72,59.11,3.96
Dawlatabad,AF,1627944457,36.4141,64.9053,0,15,80.26,6.4
Margate,GB,1627944458,51.3813,1.3862,100,75,62.04,1.99
Qui Nhon,VN,1627944458,13.7667,109.2333,100,68,83.8,13.42
Kulhudhuffushi,MV,1627944458,6.6221,73.07,95,73,82.0,6.78
Pinyug,RU,1627944459,60.251,47.7842,100,76,63.01,5.5
Mineiros,BR,1627944459,-17.5694,-52.5511,1,35,69.71,4.88
Coyhaique,CL,1627944459,-45.5752,-72.0662,20,57,47.01,3.44
Dhidhdhoo,MV,1627944460,6.8833,73.1,84,74,81.99,7.14
Zhicheng,CN,1627944460,30.2956,111.5047,31,88,81.5,2.68
Bull Savanna,JM,1627944460,17.8868,-77.5902,55,71,81.86,11.41
Sechura,PE,1627944461,-5.5569,-80.8222,7,64,71.46,16.75
Udachny,RU,1627944461,66.4167,112.4,89,47,69.31,13.56
Būlaevo,KZ,1627944461,54.9056,70.4439,58,73,60.53,6.44
Saskylakh,RU,1627944462,71.9167,114.0833,26,54,66.43,8.66
Iqaluit,CA,1627944438,63.7506,-68.5145,75,93,49.73,5.01
Pacific Grove,US,1627944462,36.6177,-121.9166,1,70,92.16,7.0
Baykit,RU,1627944462,61.67,96.37,100,72,61.84,3.94
Hobart,AU,1627944402,-42.8794,147.3294,75,88,45.27,1.01
Kismayo,SO,1627944463,-0.3582,42.5454,99,83,75.33,16.37
Saint-Pierre,RE,1627944463,-21.3393,55.4781,0,61,66.29,8.05
São Filipe,CV,1627944463,14.8961,-24.4956,35,83,76.82,4.52
Barrow,US,1627944438,71.2906,-156.7887,90,81,44.62,20.71
Klaksvík,FO,1627944464,62.2266,-6.589,100,85,49.12,11.56
Okhotsk,RU,1627944465,59.3833,143.3,100,62,59.14,10.22
Camacha,PT,1627944465,33.0833,-16.3333,40,73,69.22,10.36
Talnakh,RU,1627944465,69.4865,88.3972,100,52,68.34,4.99
Hay River,CA,1627944465,60.8156,-115.7999,20,35,87.78,3.44
Kavieng,PG,1627944466,-2.5744,150.7967,27,76,83.48,10.87
Brae,GB,1627944466,60.3964,-1.353,100,71,49.91,1.43
Pindiga,NG,1627944466,9.9833,10.9333,98,91,71.56,6.04
Bar Harbor,US,1627944467,44.3876,-68.2039,20,79,70.34,4.0
East London,ZA,1627944467,-33.0153,27.9116,50,80,59.45,18.05
Norman Wells,CA,1627944467,65.282,-126.8329,20,34,84.24,6.91
Hofn,IS,1627944459,64.2539,-15.2082,93,86,53.26,8.14
Novy Urengoy,RU,1627944468,66.0833,76.6333,9,81,58.6,6.67
Sítio Novo do Tocantins,BR,1627944468,-5.5183,-47.4611,10,29,80.98,4.05
Paamiut,GL,1627944469,61.994,-49.6678,100,95,43.65,8.43
Bambous Virieux,MU,1627944469,-20.3428,57.7575,20,88,59.25,6.91
Arrondissement de Troyes,FR,1627944469,48.3333,4.0833,0,72,62.65,8.05
Jipijapa,EC,1627944470,-1.3333,-80.5833,100,80,74.7,5.57
Pilar,BR,1627944470,-9.5972,-35.9567,26,96,71.53,4.03
Port Hedland,AU,1627944470,-20.3167,118.5667,33,34,50.05,8.05
Mountain Home,US,1627944425,43.133,-115.6912,20,25,91.94,13.8
George Town,MY,1627944471,5.4112,100.3354,20,88,80.89,1.01
Matara,LK,1627944471,5.9485,80.5353,100,88,77.79,11.72
Tagusao,PH,1627944471,9.1924,117.8141,100,78,82.53,14.9
Båtsfjord,NO,1627944471,70.6345,29.7185,6,83,46.22,4.03
Sabinópolis,BR,1627944472,-18.6661,-43.0839,49,74,56.3,4.0
Bon Accord,CA,1627944472,53.8335,-113.4187,1,77,68.14,0.0
Dikson,RU,1627944472,73.5069,80.5464,84,81,50.81,8.34
Labuhan,ID,1627944473,-6.8844,112.2051,57,87,75.85,10.31
High Level,CA,1627944473,58.5169,-117.136,40,45,86.11,4.61
Nouadhibou,MR,1627944476,20.931,-17.0347,0,83,69.78,12.66
Hudson Bay,CA,1627944477,52.85,-102.3842,100,21,92.39,5.53
Auki,SB,1627944477,-8.7676,160.7034,44,72,81.1,5.73
San Cristobal,VE,1627944456,7.7669,-72.225,100,96,78.98,5.41
Riverton,US,1627944477,40.5219,-111.9391,1,53,82.15,4.0
Örnsköldsvik,SE,1627944478,63.2909,18.7153,100,66,53.42,9.22
Orlik,RU,1627944481,52.5178,99.825,98,90,47.86,0.89
Semeykino,UA,1627944481,48.3264,39.5337,2,47,75.31,2.08
Omsukchan,RU,1627944482,62.5333,155.8,99,92,35.74,7.87
Japura,ID,1627944482,-0.3167,102.35,86,95,73.76,1.66
Skjervøy,NO,1627944482,70.0311,20.9714,63,79,47.91,10.87
Touros,BR,1627944483,-5.1989,-35.4608,20,81,76.1,16.44
Half Moon Bay,US,1627944320,37.4636,-122.4286,20,59,93.92,9.22
Eydhafushi,MV,1627944483,5.1033,73.0708,100,73,82.4,6.6
Muzhi,RU,1627944483,65.3667,64.6667,72,85,51.35,0.92
Chunoyar,RU,1627944484,57.4467,97.3217,6,89,57.88,2.66
Asău,RO,1627944439,46.4333,26.4,19,94,65.32,3.4
Lodja,CD,1627944484,-3.4833,23.4333,89,40,72.28,0.18
San Ignacio Río Muerto,MX,1627944374,27.4167,-110.2333,82,46,96.66,15.61
Richards Bay,ZA,1627944485,-28.783,32.0377,96,82,64.15,4.5
Narsaq,GL,1627944450,60.9167,-46.05,92,94,53.82,6.46
Longyearbyen,SJ,1627944485,78.2186,15.6401,75,76,46.24,14.97
Biak,ID,1627944486,-0.9131,122.8766,58,76,76.59,7.07
Havre-St-Pierre,CA,1627944486,50.2334,-63.5986,75,82,59.36,6.91
Jijiga,ET,1627944486,9.35,42.8,74,70,63.01,20.49
Leningradskiy,RU,1627944487,69.3833,178.4167,100,100,33.17,10.02
Melioratorov,RU,1627944487,57.2107,65.6077,75,88,62.98,15.66
Pisco,PE,1627944291,-13.7,-76.2167,0,72,66.25,8.05
Zhangaözen,KZ,1627944487,43.3,52.8,7,17,85.06,7.78
Nemuro,JP,1627944488,43.3236,145.575,100,97,69.53,5.32
Moura,PT,1627944488,38.1401,-7.4486,0,59,69.91,7.76
Sinnamary,GF,1627944488,5.3833,-52.95,46,83,78.62,8.21
Kawalu,ID,1627944488,-7.3817,108.2082,98,98,71.49,2.06
Manggar,ID,1627944489,-2.8833,108.2667,96,76,81.5,10.63
Rawson,AR,1627944489,-43.3002,-65.1023,44,33,58.6,10.02
Alice Springs,AU,1627944432,-23.7,133.8833,0,52,42.35,2.3
Xining,CN,1627944489,36.6167,101.7667,100,95,57.24,0.94
Whitehorse,CA,1627944391,60.7161,-135.0538,75,34,81.1,2.3
Blackwater,AU,1627944490,-23.5833,148.8833,2,55,67.28,7.18
Poyarkovo,RU,1627944490,49.6,128.6833,100,99,65.43,3.04
Longview,US,1627944491,32.5007,-94.7405,90,83,82.99,0.0
Juan Aldama,MX,1627944491,24.2908,-103.3944,92,64,67.21,4.32
Cerrito,CO,1627944491,6.8432,-72.694,100,92,54.79,3.38
Pekan,MY,1627944491,3.4836,103.3996,100,92,75.31,4.27
San Quintín,MX,1627944492,30.4833,-115.95,1,56,78.24,15.23
Sapouy,BF,1627944492,11.5544,-1.7736,88,75,76.28,6.17
Miles City,US,1627944492,46.4083,-105.8406,1,11,102.51,5.75
Meadow Lake,US,1627944493,34.8014,-106.5436,82,36,87.62,8.21
Bhandāra,IN,1627944493,21.1667,79.65,99,83,75.79,8.19
Buy,RU,1627944493,58.4786,41.53,80,90,65.17,12.06
Elliot Lake,CA,1627944494,46.3834,-82.6331,33,60,69.89,8.32
Fairbanks,US,1627944494,64.8378,-147.7164,1,43,84.16,4.61
Berbera,SO,1627944494,10.4396,45.0143,19,40,89.91,25.52
Korla,CN,1627944495,41.7597,86.1469,98,23,76.89,1.1
Matagami,CA,1627944495,49.7502,-77.6328,90,60,68.11,9.22
Port Blair,IN,1627944495,11.6667,92.75,99,82,81.21,22.03
Iskateley,RU,1627944496,67.6803,53.1512,11,93,46.45,4.43
Lompoc,US,1627944496,34.6391,-120.4579,1,65,91.02,13.8
Youhao,CN,1627944496,47.8667,128.8333,94,91,72.93,2.71
Airai,TL,1627944425,-8.9266,125.4092,75,71,60.49,3.33
Kalispell,US,1627944137,48.1958,-114.3129,90,73,79.68,3.0
Redmond,US,1627944208,47.674,-122.1215,0,48,92.25,1.01
Thaba-Tseka,LS,1627944497,-29.522,28.6084,0,31,39.15,4.03
Alegrete,BR,1627944497,-29.7831,-55.7919,0,72,50.09,6.78
Ulladulla,AU,1627944498,-35.35,150.4667,50,66,59.88,10.83
Manokwari,ID,1627944498,-0.8667,134.0833,89,73,81.59,4.14
Avera,US,1627944498,33.194,-82.5271,17,42,92.91,4.09
New Haven,US,1627944498,41.4001,-72.9329,1,54,79.39,1.01
Abéché,TD,1627944499,13.8292,20.8324,100,72,78.48,5.91
Saint-Philippe,RE,1627944499,-21.3585,55.7679,9,69,66.22,1.16
Fare,PF,1627944499,-16.7,-151.0167,63,75,78.78,15.12
Sorong,ID,1627944500,-0.8833,131.25,56,83,79.63,6.4
Mangan,IN,1627944500,27.5167,88.5333,100,93,76.69,2.66
Ahlat,TR,1627944500,38.7518,42.4814,1,62,64.26,4.34
Marco,US,1627944406,25.9726,-81.729,15,68,91.45,1.99
Bathsheba,BB,1627944501,13.2167,-59.5167,20,74,83.01,9.22
Nanortalik,GL,1627944501,60.1432,-45.2371,97,94,44.55,2.75
Doha,QA,1627944498,25.2867,51.5333,0,54,98.58,3.44
Katsuura,JP,1627944431,35.1333,140.3,45,80,86.14,10.89
San Rafael del Sur,NI,1627944502,11.8485,-86.4384,99,58,83.37,12.15
Scarborough,GB,1627944502,54.2797,-0.4044,95,74,59.54,1.99
Arona,ES,1627944502,28.0996,-16.681,20,78,67.82,14.97
Terney,RU,1627944503,45.0503,136.6092,100,95,68.43,2.1
Aklavik,CA,1627944445,68.2191,-135.0107,75,72,64.4,9.22
Troitskoye,RU,1627944503,52.9821,84.6757,64,92,60.55,4.79
Nome,US,1627944504,64.5011,-165.4064,90,88,59.16,17.27
Morvi,IN,1627944504,22.8167,70.8333,96,79,84.04,17.85
Coihueco,CL,1627944415,-36.6167,-71.8333,0,51,59.74,13.8
San Juan de la Maguana,DO,1627944504,18.8059,-71.2299,96,75,84.87,6.93
Byron Bay,AU,1627944505,-28.65,153.6167,94,89,68.05,7.72
Santa Cruz de la Sierra,BO,1627944505,-17.8,-63.1667,0,27,69.13,4.59
Fresnillo,MX,1627944505,23.1667,-102.8833,58,27,77.85,9.17
Charters Towers,AU,1627944506,-20.1,146.2667,3,68,66.07,8.48
El Cobre,CU,1627944506,20.0489,-75.9469,40,100,78.24,6.91
Krasnyy Kut,RU,1627944506,50.95,46.9667,36,45,77.56,4.81
Niquelândia,BR,1627944507,-14.4739,-48.4597,88,35,71.47,5.01
Santo Domingo,DO,1627944357,18.5001,-69.9886,40,80,83.88,4.0
Necochea,AR,1627944507,-38.5473,-58.7368,12,71,54.03,11.23
Northam,GB,1627944507,51.0333,-4.2167,23,88,58.01,6.04
Trelew,AR,1627944508,-43.249,-65.3051,38,28,59.04,8.1
Los Llanos de Aridane,ES,1627944508,28.6585,-17.9182,75,92,69.55,13.8
Karatuzskoye,RU,1627944508,53.6072,92.8667,79,74,58.87,2.53
Vostok,RU,1627944508,46.4856,135.8833,60,75,72.79,0.34
Ngorongoro,TZ,1627944512,-3.2397,35.4875,41,89,45.64,5.03
Broken Hill,AU,1627944236,-31.95,141.4333,5,87,42.51,14.97
Morgan City,US,1627944512,29.6994,-91.2068,40,79,87.01,9.22
La Roche-sur-Yon,FR,1627944512,46.6667,-1.4333,0,88,63.84,3.44
Ambon City,ID,1627944513,-3.6954,128.1814,40,94,75.34,6.91
Almaznyy,RU,1627944513,48.0448,40.045,4,41,71.74,2.24
Gigmoto,PH,1627944513,13.7796,124.39,100,79,82.9,10.6
Hambantota,LK,1627944514,6.1241,81.1185,100,80,79.23,18.92
Vila Velha,BR,1627944514,-20.3297,-40.2925,0,78,72.97,0.0
Goundam,ML,1627944514,16.4145,-3.6708,64,39,92.8,6.91
Puerto del Rosario,ES,1627944339,28.5004,-13.8627,7,73,73.15,13.8
Yambio,SS,1627944515,4.5721,28.3955,98,96,66.13,3.94
Yārāda,IN,1627944515,17.65,83.2667,40,79,84.52,8.05
Njombe,TZ,1627944515,-9.3333,34.7667,2,93,46.22,4.79
Tezu,IN,1627944515,27.9167,96.1667,98,92,75.67,3.74
Flin Flon,CA,1627944516,54.7682,-101.865,20,25,89.44,8.05
Arraias,BR,1627944516,-12.9288,-46.9437,80,29,70.59,5.3
Shima,CN,1627944517,24.4478,117.8111,87,89,80.62,3.74
Porto Walter,BR,1627944517,-8.2686,-72.7439,5,43,77.22,2.53
Hauterive,FR,1627944517,46.0901,3.4459,49,82,62.38,4.41
Goya,AR,1627944517,-29.14,-59.2626,0,54,52.84,6.24
Gizo Government Station,SB,1627944518,-8.103,156.8419,88,80,80.71,11.16
Letka,RU,1627944518,59.6011,49.4232,100,79,62.38,5.23
Atbasar,KZ,1627944518,51.8,68.3333,52,56,65.84,4.54
Rancho Palos Verdes,US,1627944519,33.7445,-118.387,0,65,105.78,4.0
Tuatapere,NZ,1627944519,-46.1333,167.6833,98,78,48.81,3.94
Cabedelo,BR,1627944520,-6.9811,-34.8339,12,85,74.07,14.12
Kimbe,PG,1627944521,-5.5502,150.1429,62,79,81.28,3.58
Ixtapa,MX,1627944443,20.7,-105.2,40,66,88.83,14.97
La Santisima Trinidad,BO,1627944521,-14.8333,-64.9,0,31,73.2,3.42
Thinadhoo,MV,1627944522,0.5333,72.9333,100,71,81.32,2.53
Milan,IT,1627944509,45.4643,9.1895,0,80,69.98,1.14
Waitara,NZ,1627944522,-38.925,174.25,90,85,50.72,13.15
Grand Gaube,MU,1627944522,-20.0064,57.6608,1,64,59.4,4.45
Hobyo,SO,1627944523,5.3505,48.5268,49,76,77.36,23.09
Caniço,PT,1627944523,32.6333,-16.85,75,80,72.68,14.97
Galle,LK,1627944523,6.0367,80.217,100,86,78.66,12.64
General Roca,AR,1627944524,-39.0333,-67.5833,47,27,57.6,8.68
Chegdomyn,RU,1627944524,51.1167,133.0167,100,97,67.35,0.81
Constitución,CL,1627944498,-35.3333,-72.4167,0,72,54.95,8.46
Kenai,US,1627944525,60.5544,-151.2583,1,56,77.02,8.05
Sørland,NO,1627944525,67.667,12.6934,98,73,50.18,10.85
Shubarshi,KZ,1627944525,48.5872,57.1869,20,29,80.73,5.86
Lagoa,PT,1627944526,39.05,-27.9833,5,92,72.01,4.81
Bairiki Village,KI,1627944526,1.3292,172.9752,20,70,84.2,6.91
Rio Grande,BR,1627944261,-32.035,-52.0986,8,92,50.95,6.98
Ciucurova,RO,1627944526,44.9333,28.4833,0,90,73.4,5.79
Pouembout,NC,1627944526,-21.1333,164.9,1,47,72.61,2.15
Rocha,UY,1627944527,-34.4833,-54.3333,21,92,45.3,2.04
Maiduguri,NG,1627944527,11.8464,13.1603,34,77,78.03,8.81
Shipitsyno,RU,1627944527,61.2806,46.5208,100,82,61.79,5.01
Magistral'nyy,RU,1627944528,56.1725,107.4458,100,75,58.14,2.13
Tual,ID,1627944469,-5.6667,132.75,97,71,81.84,19.35
Saint-Louis,SN,1627944528,16.3333,-15.0,100,70,82.04,13.78
Vardø,NO,1627944528,70.3705,31.1107,26,83,47.35,2.24
Kamenka,RU,1627944529,51.3223,42.7678,24,46,74.95,4.14
Santarém,BR,1627944407,-2.4431,-54.7083,0,83,80.73,3.44
Bandar-e Anzali,IR,1627944529,37.4727,49.4622,99,53,77.43,4.41
Astoria,US,1627944529,46.1879,-123.8313,1,73,74.46,5.99
Dingle,PH,1627944504,10.9995,122.6711,100,84,80.82,10.92
Manavālakurichi,IN,1627944530,8.1333,77.3,100,82,78.89,14.52
Nikel,RU,1627944530,69.4128,30.222,16,89,41.38,2.57
Evensk,RU,1627944530,61.95,159.2333,7,48,51.93,11.99
Petropavlovsk-Kamchatskiy,RU,1627944531,53.0452,158.6483,40,77,57.79,8.95
Omaruru,NA,1627944531,-21.4333,15.9333,1,33,59.41,6.85
Vung Tau,VN,1627944531,10.346,107.0843,100,81,80.83,17.13
Codrington,AU,1627944532,-38.2667,141.9667,98,87,46.81,10.25
Henties Bay,NA,1627944532,-22.116,14.2845,0,71,64.85,10.38
Umm Kaddadah,SD,1627944532,13.6017,26.6876,63,63,80.06,16.42
Malindi,KE,1627944533,-3.2175,40.1191,56,80,74.53,14.58
Olinda,BR,1627944533,-8.0089,-34.8553,75,88,73.13,6.91
Lafia,NG,1627944533,8.4833,8.5167,85,95,72.21,4.34
Port Macquarie,AU,1627944472,-31.4333,152.9167,100,91,60.89,15.79
Pimentel,PE,1627944534,-6.8367,-79.9342,20,80,70.09,4.0
Vila Franca do Campo,PT,1627944534,37.7167,-25.4333,0,81,68.41,6.04
Awjilah,LY,1627944534,29.1081,21.2869,0,30,86.81,9.6
Nioro,GM,1627944535,13.35,-15.75,100,92,75.63,9.57
Lázaro Cárdenas,MX,1627944535,17.9583,-102.2,14,72,85.95,8.63
Eureka,US,1627944312,40.8021,-124.1637,40,74,70.2,3.0
Changji,CN,1627944535,44.0167,87.3167,0,25,74.19,11.18
Smolenka,RU,1627944536,52.1352,113.4974,40,94,60.87,0.0
Constantine,DZ,1627944536,36.365,6.6147,40,64,74.61,1.14
Lakatoro,VU,1627944536,-16.0999,167.4164,79,51,75.83,8.23
Huntsville,US,1627944420,34.7304,-86.5861,75,74,81.73,1.99
Tal'menka,RU,1627944537,53.8183,83.5677,61,93,63.84,3.49
Alyangula,AU,1627944537,-13.8483,136.4192,75,100,69.67,0.0
Itarema,BR,1627944537,-2.9248,-39.9167,7,77,76.66,5.12
Weyburn,CA,1627944271,49.6668,-103.8511,93,19,89.82,4.61
Mackay,AU,1627944499,-21.15,149.2,40,94,72.68,4.61
Villamontes,BO,1627944538,-21.25,-63.5,99,35,63.36,1.68
Dali,CN,1627944538,25.7,100.1833,0,87,61.34,2.28
Caibarién,CU,1627944538,22.5206,-79.4669,100,82,92.52,11.61
Palmeiras de Goiás,BR,1627944539,-16.805,-49.9258,3,39,72.86,4.59
Piracuruca,BR,1627944539,-3.9281,-41.7092,48,52,81.64,7.56
Slave Lake,CA,1627944539,55.2834,-114.769,90,83,71.58,2.3
Grajaú,BR,1627944540,-5.8194,-46.1386,16,30,78.89,3.67
Brønnøysund,NO,1627944540,65.4625,12.1997,40,93,48.2,5.75
Kiryat Gat,IL,1627944540,31.61,34.7642,0,48,82.4,2.82
Vao,NC,1627944541,-22.6667,167.4833,0,65,66.54,5.59
Cockburn Town,TC,1627944541,21.4612,-71.1419,40,65,84.16,16.11
Seoul,KR,1627944434,37.5683,126.9778,75,97,77.76,3.44
Mosetse,BW,1627944541,-20.75,26.65,0,23,57.76,10.45
Bubaque,GW,1627944542,11.2833,-15.8333,99,81,79.47,18.03
Prince Rupert,CA,1627944542,54.3161,-130.3201,75,76,64.49,3.44
Goma,CD,1627944542,-1.6792,29.2228,57,64,65.12,1.14
Rock Sound,BS,1627944543,24.9,-76.2,100,75,83.23,9.66
Iacobeni,RO,1627944543,47.4333,25.3167,32,80,56.07,1.16
Takoradze,GH,1627944483,4.8845,-1.7554,56,85,76.59,6.17
Marzuq,YE,1627944543,14.4,46.4667,98,51,81.18,8.63
Yalutorovsk,RU,1627944544,56.6536,66.3006,99,86,59.43,8.37
Bonavista,CA,1627944496,48.6499,-53.1147,100,69,68.0,12.8
Horodyshche,UA,1627944544,49.2849,31.4451,75,79,65.7,8.01
Launceston,AU,1627944544,-41.45,147.1667,100,95,44.15,6.91
Sicamous,CA,1627944545,50.8331,-118.9856,78,36,82.29,2.15
Iquitos,PE,1627944545,-3.7481,-73.2472,20,58,86.04,5.75
Östersund,SE,1627944545,63.1792,14.6357,90,71,48.65,9.22
Sola,VU,1627944484,-13.8833,167.55,87,59,75.16,13.29
Keti Bandar,PK,1627944546,24.1447,67.4497,100,81,81.46,20.69
Maxixe,MZ,1627944546,-23.8597,35.3472,0,84,66.15,9.73
Vestmannaeyjar,IS,1627944546,63.4427,-20.2734,100,87,53.06,3.13
Balikpapan,ID,1627944547,-1.2675,116.8289,100,89,76.55,6.93
Moskovskiy,RU,1627944547,55.5991,37.355,0,91,69.78,8.95
Sheboygan,US,1627944547,43.7333,-87.9334,1,59,75.16,12.66
Cobija,BO,1627944548,-11.0267,-68.7692,1,36,74.79,2.68
Mitú,CO,1627944548,1.1983,-70.1733,97,88,72.66,2.77
Talara,PE,1627944548,-4.5772,-81.2719,0,73,70.56,13.8
Trairi,BR,1627944549,-3.2778,-39.2689,7,74,77.85,8.16
Saint Stephen,GB,1627944317,50.3333,-4.9,20,88,57.81,3.44
Vilyuysk,RU,1627944549,63.7553,121.6247,0,45,68.58,7.78
Kaoma,ZM,1627944550,-14.7833,24.8,0,48,56.01,7.11
Feldkirchen,DE,1627944550,48.148,11.7434,11,92,57.27,1.01
Tarnogskiy Gorodok,RU,1627944550,60.4997,43.5761,100,94,64.27,9.19
Opuwo,NA,1627944550,-18.0607,13.84,0,45,58.48,3.02
Sambava,MG,1627944551,-14.2667,50.1667,13,89,67.57,6.89
Arman',RU,1627944551,59.7,150.1667,1,46,54.9,10.51
Poronaysk,RU,1627944551,49.2167,143.1167,0,71,62.65,8.46
Gornopravdinsk,RU,1627944552,60.05,69.9,89,98,56.25,4.9
Laguna,US,1627944552,38.421,-121.4238,1,16,102.24,3.0
Deputatsky,RU,1627944553,69.3,139.9,12,51,47.03,6.53
Issaquah,US,1627944416,47.5301,-122.0326,1,50,92.03,1.01
Chapais,CA,1627944554,49.7834,-74.8492,100,77,64.18,6.49
Baracoa,CU,1627944554,20.3467,-74.4958,100,79,82.06,6.93
Bainbridge Island,US,1627944554,47.6262,-122.5212,1,49,92.17,1.01
Ahipara,NZ,1627944513,-35.1667,173.1667,21,83,54.52,28.79
Pervomayskiy,RU,1627944555,53.2485,40.2871,50,81,65.16,1.19
Karratha,AU,1627944555,-20.7377,116.8463,6,27,58.48,17.4
Nur-Sultan,KZ,1627944555,51.1801,71.446,0,49,67.95,8.95
Along,IN,1627944556,28.1667,94.7667,97,98,73.31,2.08
Vuktyl,RU,1627944556,63.8567,57.3094,22,97,54.82,5.06
Havøysund,NO,1627944556,70.9963,24.6622,23,84,47.28,24.29
Najrān,SA,1627944473,17.4924,44.1277,100,45,81.25,12.93
Dalbandin,PK,1627944275,28.8947,64.4101,53,12,84.11,7.65
Fort Abbas,PK,1627944557,29.1925,72.8536,98,48,93.78,8.32
‘Āhuimanu,US,1627944557,21.4447,-157.8378,75,58,87.51,13.8
Planaltina,BR,1627944557,-15.4528,-47.6142,14,47,71.89,4.03
Nelson Bay,AU,1627944447,-32.7167,152.15,54,92,61.0,14.54
Russell,US,1627944326,32.3502,-85.1999,75,90,76.71,6.91
Nuquí,CO,1627944558,5.7125,-77.2708,98,82,80.08,6.71
Kpandae,GH,1627944558,8.4689,-0.0113,99,69,78.24,5.1
Isangel,VU,1627944559,-19.55,169.2667,20,73,73.51,9.22
Yeppoon,AU,1627944559,-23.1333,150.7333,0,70,60.58,6.58
Vanimo,PG,1627944559,-2.6741,141.3028,92,79,81.19,6.98
Puerto Peñasco,MX,1627944560,31.3167,-113.5333,0,71,92.91,8.01
Zhuanghe,CN,1627944444,39.7008,122.9911,32,89,73.99,4.88
Piaçabuçu,BR,1627944560,-10.4056,-36.4344,19,86,72.43,10.58
Port-Gentil,GA,1627944560,-0.7193,8.7815,75,88,75.16,5.75
Puyo,EC,1627944561,-1.4667,-77.9833,75,100,63.64,8.05
Verkhnyaya Inta,RU,1627944561,65.9811,60.3094,46,84,52.92,5.06
Mariental,NA,1627944561,-24.6333,17.9667,0,26,57.15,13.47
Manyana,BW,1627944562,-23.4,21.7167,0,26,51.26,4.54
Zhangjiakou,CN,1627944562,40.81,114.8794,92,85,67.24,3.42
Marabu,MY,1627944562,4.4148,114.0089,40,94,75.34,2.3
Silvânia,BR,1627944563,-16.6589,-48.6081,2,44,76.96,4.5
Arlit,NE,1627944563,18.7369,7.3853,90,33,91.29,10.83
Lockhart,US,1627944563,28.6194,-81.4426,1,71,85.08,1.01
Konyshevka,RU,1627944563,51.8418,35.2941,62,95,69.51,7.85
Labuan,MY,1627944564,5.2767,115.2417,20,78,80.96,5.99
Juneau,US,1627944474,58.3019,-134.4197,90,78,66.25,13.8
Qaqortoq,GL,1627944564,60.7167,-46.0333,94,97,54.1,3.0
Xagħra,MT,1627944565,36.05,14.2644,1,38,85.35,1.01
Bose,IT,1627944565,45.4612,8.0137,66,74,65.79,5.19
São João da Barra,BR,1627944565,-21.6403,-41.0511,0,77,68.5,11.27
Mugur-Aksy,RU,1627944565,50.35,90.5,7,61,49.53,2.06
Kosikha,RU,1627944566,53.3617,84.5822,41,87,63.37,2.21
Monchegorsk,RU,1627944566,67.9397,32.8739,99,91,50.04,7.7
Pemangkat,ID,1627944566,1.1667,108.9667,85,87,78.44,6.29
Praia,CV,1627944567,14.9215,-23.5087,75,78,79.34,8.05
Guabito,PA,1627944567,9.5,-82.6167,93,86,80.49,3.49
Murnau,DE,1627944567,48.2302,12.2943,16,94,57.72,5.91
Muncar,ID,1627944567,-8.4333,114.3333,98,93,74.95,4.92
Halifax,CA,1627944304,44.6453,-63.5724,90,89,62.65,6.91
Beringovskiy,RU,1627944568,63.05,179.3167,100,96,44.33,6.87
Ballina,AU,1627944568,-28.8667,153.5667,90,94,66.16,8.05
Coahuayana Viejo,MX,1627944569,18.7333,-103.6833,93,68,86.99,6.08
Podyuga,RU,1627944569,61.095,40.8647,99,97,61.88,7.67
Esil,KZ,1627944569,51.9556,66.4042,66,52,68.13,6.67
Vaitape,PF,1627944569,-16.5167,-151.75,69,76,79.05,15.41
Khartoum,SD,1627944570,15.5518,32.5324,53,62,86.02,3.0
Nagrām,IN,1627944570,26.6167,81.1333,16,85,80.65,8.16
Sioux Lookout,CA,1627944498,50.1001,-91.917,90,41,79.18,8.05
Faya,SA,1627944570,18.3851,42.4509,100,71,64.92,10.49
Storsteinnes,NO,1627944571,69.2408,19.2344,100,94,46.4,2.95
Shirokiy,RU,1627944571,49.758,129.523,100,98,67.62,2.8
Malakal,SS,1627944571,9.5334,31.6605,98,93,69.51,3.56
Tura,IN,1627944572,25.5198,90.2201,100,98,73.8,3.56
St Albans,GB,1627944396,51.75,-0.3333,40,82,59.7,2.3
Cabudare,VE,1627944572,10.0289,-69.0894,73,91,82.65,10.92
Imbituba,BR,1627944572,-28.24,-48.6703,50,91,60.82,8.05
Worthing,GB,1627944455,50.8145,-0.3713,100,72,60.15,5.01
Payakumbuh,ID,1627944573,-0.2202,100.6308,91,96,68.81,2.55
Cavalcante,BR,1627944573,-13.7975,-47.4583,90,38,67.62,3.91
Mariehamn,AX,1627944573,60.0973,19.9348,0,67,57.06,8.05
Sehithwa,BW,1627944574,-20.4667,22.7167,0,27,58.15,6.55
Broome,US,1627944574,42.2506,-75.833,20,57,72.18,4.0
Barra dos Coqueiros,BR,1627944574,-10.9089,-37.0386,0,73,77.02,6.91
Atraulī,IN,1627944575,28.0333,78.2833,5,84,80.73,11.34
Bonanza,NI,1627944575,14.0289,-84.591,97,94,76.35,2.64
Kahului,US,1627944281,20.8947,-156.47,40,67,84.94,23.02
Katuli,PH,1627944575,7.4333,124.2167,89,83,77.72,1.92
Adjumani,UG,1627944576,3.3779,31.7909,28,95,64.18,1.25
Voyvozh,RU,1627944576,62.892,54.9635,0,97,53.65,3.85
Suntar,RU,1627944576,62.1444,117.6319,25,71,64.38,3.11
Meulaboh,ID,1627944577,4.1363,96.1285,75,85,74.46,5.3
Kota Belud,MY,1627944577,6.351,116.4305,95,73,80.46,6.06
Kalianget,ID,1627944577,-7.05,113.9333,22,80,78.89,5.68
San Patricio,US,1627944578,28.017,-97.5169,51,51,96.78,13.47
Maniitsoq,GL,1627944578,65.4167,-52.9,100,90,47.19,5.88
Dawson Creek,CA,1627944438,55.7666,-120.2362,20,69,78.15,3.44
Hirara,JP,1627944578,24.8,125.2833,75,94,80.87,3.44
Røros,NO,1627944579,62.5747,11.3842,20,93,35.44,3.44
Anadyr,RU,1627944579,64.75,177.4833,90,93,43.3,25.99
Berlevåg,NO,1627944579,70.8578,29.0864,8,83,46.76,2.37
Stavern,NO,1627944580,59.0,10.0333,48,82,58.35,4.88
Nangong,CN,1627944580,37.3581,115.3744,11,83,73.72,4.97
Caceres,ES,1627944580,39.522,-6.3748,17,41,73.8,5.66
Malbork,PL,1627944581,54.0359,19.0266,6,72,60.89,10.71
Beloha,MG,1627944581,-25.1667,45.05,1,75,63.59,5.23
Muros,ES,1627944466,42.7762,-9.0603,84,81,61.99,7.56
Rantepao,ID,1627944581,-2.9701,119.8978,83,98,67.57,1.36
Virden,US,1627944582,39.5009,-89.7679,1,56,78.62,5.68
San Miguel de Tucumán,AR,1627944582,-26.8241,-65.2226,4,32,64.4,4.61
Huarmey,PE,1627944582,-10.0681,-78.1522,4,78,66.7,9.62
Khromtau,KZ,1627944583,50.2503,58.4347,26,39,73.71,7.45
Lafiagi,NG,1627944583,8.8667,5.4167,100,95,72.09,1.97
Luena,AO,1627944583,-11.7833,19.9167,0,47,56.86,3.33
